  0.0000,  0.0000,  0.0000,  0.0000
  0.0502,  0.0000,  0.0000,  0.0000
  0.1004,  0.0000,  0.0000,  0.0000
  0.1506,  0.0000,  0.0000,  0.0000
  0.2008,  0.0000,  0.0000,  0.0000
  0.2510,  0.0000,  0.0000,  0.0000
  0.3013,  0.0000,  0.0000,  0.0000
  0.3515,  0.0000,  0.0000,  0.0000
  0.4017,  0.0000,  0.0000,  0.0000
  0.4519,  0.0000,  0.0000,  0.0000
  0.5021,  0.0000,  0.0000,  0.0000
  0.5523,  0.0000,  0.0000,  0.0000
  0.6025,  0.0000,  0.0000,  0.0000
  0.6527,  0.0000,  0.0000,  0.0000
  0.7029,  0.0000,  0.0000,  0.0000
  0.7531,  0.0000,  0.0000,  0.0000
  0.8033,  0.0000,  0.0000,  0.0000
  0.8536,  0.0000,  0.0000,  0.0000
  0.9038,  0.0000,  0.0000,  0.0000
  0.9540,  0.0000,  0.0000,  0.0000
  1.0042,  0.0000,  0.0000,  0.0000
  1.0544,  0.0304,  0.2499,  0.3225
  1.1046,  0.1408,  0.5528,  0.6298
  1.1548,  0.3257,  0.8416,  0.9078
  1.2050,  0.5680,  1.0971,  1.1432
  1.2552,  0.8443,  1.3043,  1.3253
  1.3054,  1.1279,  1.4518,  1.4453
  1.3556,  1.3918,  1.5313,  1.4978
  1.4059,  1.6105,  1.5382,  1.4802
  1.4561,  1.7624,  1.4716,  1.3935
  1.5063,  1.8308,  1.3341,  1.2415
  1.5565,  1.8052,  1.1321,  1.0315
  1.6067,  1.6818,  0.8749,  0.7733
  1.6569,  1.4632,  0.5749,  0.4790
  1.7071,  1.1584,  0.2463,  0.1622
  1.7573,  0.7878,  0.0074,  0.0000
  1.8075,  0.4286, -0.0318,  0.0000
  1.8577,  0.1186, -0.0516,  0.0000
  1.9079, -0.1307, -0.0612,  0.0000
  1.9582, -0.3154, -0.0637,  0.0000
  2.0084, -0.4372, -0.0610,  0.0000
  2.0586, -0.5016, -0.0547,  0.0000
  2.1088, -0.5172, -0.0460,  0.0000
  2.1590, -0.4937, -0.0361,  0.0000
  2.2092, -0.4415, -0.0259,  0.0000
  2.2594, -0.3706, -0.0162,  0.0000
  2.3096, -0.2901, -0.0076,  0.0000
  2.3598, -0.2077, -0.0003,  0.0000
  2.4100, -0.1294,  0.0053,  0.0000
  2.4603, -0.0598,  0.0093,  0.0000
  2.5105, -0.0016,  0.0118,  0.0000
  2.5607,  0.0437,  0.0129,  0.0000
  2.6109,  0.0758,  0.0128,  0.0000
  2.6611,  0.0956,  0.0119,  0.0000
  2.7113,  0.1043,  0.0104,  0.0000
  2.7615,  0.1039,  0.0085,  0.0000
  2.8117,  0.0965,  0.0065,  0.0000
  2.8619,  0.0841,  0.0044,  0.0000
  2.9121,  0.0687,  0.0025,  0.0000
  2.9623,  0.0520,  0.0009,  0.0000
  3.0126,  0.0354, -0.0004, -0.0000
  3.0628, -0.0102, -0.2514, -0.3225
  3.1130, -0.1339, -0.5549, -0.6298
  3.1632, -0.3295, -0.8442, -0.9078
  3.2134, -0.5799, -1.0997, -1.1432
  3.2636, -0.8616, -1.3068, -1.3253
  3.3138, -1.1483, -1.4541, -1.4453
  3.3640, -1.4131, -1.5333, -1.4978
  3.4142, -1.6312, -1.5398, -1.4802
  3.4644, -1.7811, -1.4727, -1.3935
  3.5146, -1.8466, -1.3349, -1.2415
  3.5649, -1.8178, -1.1324, -1.0315
  3.6151, -1.6909, -0.8750, -0.7733
  3.6653, -1.4690, -0.5747, -0.4790
  3.7155, -1.1613, -0.2459, -0.1622
  3.7657, -0.7883, -0.0069,  0.0000
  3.8159, -0.4271,  0.0323,  0.0000
  3.8661, -0.1156,  0.0522,  0.0000
  3.9163,  0.1346,  0.0617,  0.0000
  3.9665,  0.3197,  0.0641,  0.0000
  4.0167,  0.4415,  0.0614,  0.0000
  4.0669,  0.5057,  0.0550,  0.0000
  4.1172,  0.5207,  0.0462,  0.0000
  4.1674,  0.4966,  0.0362,  0.0000
  4.2176,  0.4437,  0.0259,  0.0000
  4.2678,  0.3722,  0.0162,  0.0000
  4.3180,  0.2911,  0.0075,  0.0000
  4.3682,  0.2081,  0.0003,  0.0000
  4.4184,  0.1293, -0.0054,  0.0000
  4.4686,  0.0593, -0.0094,  0.0000
  4.5188,  0.0009, -0.0119,  0.0000
  4.5690, -0.0445, -0.0130,  0.0000
  4.6192, -0.0767, -0.0129,  0.0000
  4.6695, -0.0964, -0.0120,  0.0000
  4.7197, -0.1051, -0.0105,  0.0000
  4.7699, -0.1046, -0.0086,  0.0000
  4.8201, -0.0970, -0.0065,  0.0000
  4.8703, -0.0845, -0.0044,  0.0000
  4.9205, -0.0689, -0.0025,  0.0000
  4.9707, -0.0521, -0.0009,  0.0000
  5.0209, -0.0355,  0.0005,  0.0000
  5.0711, -0.0201,  0.0015,  0.0000
  5.1213, -0.0068,  0.0022,  0.0000
  5.1715,  0.0040,  0.0025,  0.0000
  5.2218,  0.0121,  0.0027,  0.0000
  5.2720,  0.0175,  0.0026,  0.0000
  5.3222,  0.0206,  0.0023,  0.0000
  5.3724,  0.0215,  0.0020,  0.0000
  5.4226,  0.0208,  0.0016,  0.0000
  5.4728,  0.0188,  0.0011,  0.0000
  5.5230,  0.0159,  0.0007,  0.0000
  5.5732,  0.0126,  0.0004,  0.0000
  5.6234,  0.0092,  0.0001,  0.0000
  5.6736,  0.0059, -0.0002,  0.0000
  5.7238,  0.0029, -0.0004,  0.0000
  5.7741,  0.0004, -0.0005,  0.0000
  5.8243, -0.0016, -0.0005,  0.0000
  5.8745, -0.0030, -0.0005,  0.0000
  5.9247, -0.0039, -0.0005,  0.0000
  5.9749, -0.0043, -0.0004,  0.0000
