0,0
0.030151,0.058475
0.060302,0.11327
0.090452,0.16436
0.1206,0.21173
0.15075,0.2554
0.1809,0.29539
0.21106,0.33174
0.24121,0.36449
0.27136,0.39372
0.30151,0.41951
0.33166,0.44193
0.36181,0.4611
0.39196,0.47711
0.42211,0.49008
0.45226,0.50013
0.48241,0.50738
0.51256,0.51198
0.54271,0.51405
0.57286,0.51373
0.60302,0.51116
0.63317,0.50649
0.66332,0.49986
0.69347,0.49142
0.72362,0.4813
0.75377,0.46965
0.78392,0.45661
0.81407,0.44232
0.84422,0.42692
0.87437,0.41054
0.90452,0.3933
0.93467,0.37534
0.96482,0.35678
0.99497,0.33773
1.0251,0.3183
1.0553,0.29861
1.0854,0.27875
1.1156,0.25883
1.1457,0.23893
1.1759,0.21914
1.206,0.19955
1.2362,0.18022
1.2663,0.16122
1.2965,0.14263
1.3266,0.1245
1.3568,0.10688
1.3869,0.089815
1.4171,0.073357
1.4472,0.057538
1.4774,0.042391
1.5075,0.027943
1.5377,0.014218
1.5678,0.0012331
1.598,-0.010997
1.6281,-0.022463
1.6583,-0.03316
1.6884,-0.043083
1.7186,-0.052237
1.7487,-0.060624
1.7789,-0.068253
1.809,-0.075135
1.8392,-0.081283
1.8693,-0.086712
1.8995,-0.091442
1.9296,-0.095491
1.9598,-0.098883
1.9899,-0.10164
2.0201,-0.10379
2.0503,-0.10535
2.0804,-0.10636
2.1106,-0.10684
2.1407,-0.10682
2.1709,-0.10633
2.201,-0.1054
2.2312,-0.10406
2.2613,-0.10234
2.2915,-0.10027
2.3216,-0.097881
2.3518,-0.095198
2.3819,-0.092252
2.4121,-0.089072
2.4422,-0.085685
2.4724,-0.082118
2.5025,-0.078398
2.5327,-0.07455
2.5628,-0.070599
2.593,-0.066567
2.6231,-0.062478
2.6533,-0.058353
2.6834,-0.054211
2.7136,-0.050074
2.7437,-0.045957
2.7739,-0.041879
2.804,-0.037854
2.8342,-0.033899
2.8643,-0.030025
2.8945,-0.026246
2.9246,-0.022572
2.9548,-0.019013
2.9849,-0.015579
3.0151,-0.012277
3.0452,-0.0091146
3.0754,-0.0060968
3.1055,-0.0032287
3.1357,-0.00051418
3.1658,0.0020437
3.196,0.004443
3.2261,0.0066822
3.2563,0.0087609
3.2864,0.010679
3.3166,0.012438
3.3467,0.01404
3.3769,0.015486
3.407,0.016778
3.4372,0.017922
3.4673,0.018919
3.4975,0.019774
3.5276,0.020492
3.5578,0.021078
3.5879,0.021537
3.6181,0.021874
3.6482,0.022094
3.6784,0.022205
3.7085,0.022211
3.7387,0.022118
3.7688,0.021934
3.799,0.021664
3.8291,0.021313
3.8593,0.02089
3.8894,0.020399
3.9196,0.019847
3.9497,0.01924
3.9799,0.018583
4.0101,0.017883
4.0402,0.017145
4.0704,0.016374
4.1005,0.015577
4.1307,0.014757
4.1608,0.013921
4.191,0.013072
4.2211,0.012215
4.2513,0.011354
4.2814,0.010493
4.3116,0.0096372
4.3417,0.0087884
4.3719,0.0079506
4.402,0.0071268
4.4322,0.0063197
4.4623,0.0055321
4.4925,0.0047661
4.5226,0.0040239
4.5528,0.0033074
4.5829,0.0026183
4.6131,0.0019579
4.6432,0.0013276
4.6734,0.00072825
4.7035,0.0001608
4.7337,-0.00037415
4.7638,-0.00087616
4.794,-0.0013449
4.8241,-0.0017803
4.8543,-0.0021824
4.8844,-0.0025513
4.9146,-0.0028874
4.9447,-0.0031911
4.9749,-0.0034629
5.005,-0.0037036
5.0352,-0.0039138
5.0653,-0.0040945
5.0955,-0.0042466
5.1256,-0.004371
5.1558,-0.0044689
5.1859,-0.0045413
5.2161,-0.0045895
5.2462,-0.0046146
5.2764,-0.0046179
5.3065,-0.0046007
5.3367,-0.0045642
5.3668,-0.0045097
5.397,-0.0044385
5.4271,-0.0043519
5.4573,-0.0042511
5.4874,-0.0041376
5.5176,-0.0040124
5.5477,-0.0038768
5.5779,-0.0037321
5.608,-0.0035794
5.6382,-0.0034199
5.6683,-0.0032546
5.6985,-0.0030846
5.7286,-0.002911
5.7588,-0.0027347
5.7889,-0.0025567
5.8191,-0.0023778
5.8492,-0.0021989
5.8794,-0.0020208
5.9095,-0.0018442
5.9397,-0.0016697
5.9698,-0.0014982
6,-0.00133
