0,0
0.030151,0.060265
0.060302,0.12031
0.090452,0.17992
0.1206,0.23887
0.15075,0.29696
0.1809,0.35397
0.21106,0.40969
0.24121,0.46392
0.27136,0.51646
0.30151,0.56713
0.33166,0.61573
0.36181,0.6621
0.39196,0.70606
0.42211,0.74745
0.45226,0.78613
0.48241,0.82195
0.51256,0.85478
0.54271,0.8845
0.57286,0.91101
0.60302,0.93421
0.63317,0.95401
0.66332,0.97034
0.69347,0.98315
0.72362,0.99238
0.75377,0.998
0.78392,1
0.81407,0.99836
0.84422,0.99309
0.87437,0.98421
0.90452,0.97175
0.93467,0.95576
0.96482,0.9363
0.99497,0.91343
1.0251,0.88725
1.0553,0.85783
1.0854,0.8253
1.1156,0.78977
1.1457,0.75137
1.1759,0.71024
1.206,0.66652
1.2362,0.62038
1.2663,0.57199
1.2965,0.52152
1.3266,0.46915
1.3568,0.41507
1.3869,0.35949
1.4171,0.3026
1.4472,0.24461
1.4774,0.18573
1.5075,0.12618
1.5377,0.066167
1.5678,0.0059142
1.598,-0.05436
1.6281,-0.11444
1.6583,-0.1741
1.6884,-0.23313
1.7186,-0.29131
1.7487,-0.34843
1.7789,-0.40428
1.809,-0.45867
1.8392,-0.51139
1.8693,-0.56225
1.8995,-0.61106
1.9296,-0.65766
1.9598,-0.70186
1.9899,-0.74351
2.0201,-0.78246
2.0503,-0.81857
2.0804,-0.8517
2.1106,-0.88173
2.1407,-0.90856
2.1709,-0.93208
2.201,-0.95222
2.2312,-0.96889
2.2613,-0.98205
2.2915,-0.99163
2.3216,-0.99761
2.3518,-0.99996
2.3819,-0.99868
2.4121,-0.99376
2.4422,-0.98524
2.4724,-0.97313
2.5025,-0.95749
2.5327,-0.93836
2.5628,-0.91582
2.593,-0.88996
2.6231,-0.86086
2.6533,-0.82863
2.6834,-0.79339
2.7136,-0.75526
2.7437,-0.71439
2.7739,-0.67092
2.804,-0.62501
2.8342,-0.57683
2.8643,-0.52655
2.8945,-0.47436
2.9246,-0.42045
2.9548,-0.365
2.9849,-0.30823
3.0151,-0.25034
3.0452,-0.19154
3.0754,-0.13204
3.1055,-0.072068
3.1357,-0.011828
3.1658,0.048454
3.196,0.10856
3.2261,0.16827
3.2563,0.22737
3.2864,0.28564
3.3166,0.34288
3.3467,0.39887
3.3769,0.45341
3.407,0.5063
3.4372,0.55735
3.4673,0.60637
3.4975,0.65319
3.5276,0.69763
3.5578,0.73954
3.5879,0.77876
3.6181,0.81515
3.6482,0.84858
3.6784,0.87892
3.7085,0.90607
3.7387,0.92992
3.7688,0.95039
3.799,0.96741
3.8291,0.98091
3.8593,0.99085
3.8894,0.99718
3.9196,0.99989
3.9497,0.99896
3.9799,0.99441
4.0101,0.98623
4.0402,0.97448
4.0704,0.95918
4.1005,0.94039
4.1307,0.91818
4.1608,0.89264
4.191,0.86385
4.2211,0.83192
4.2513,0.79697
4.2814,0.75912
4.3116,0.71851
4.3417,0.67529
4.3719,0.62962
4.402,0.58165
4.4322,0.53157
4.4623,0.47956
4.4925,0.42581
4.5226,0.3705
4.5528,0.31385
4.5829,0.25606
4.6131,0.19734
4.6432,0.1379
4.6734,0.077965
4.7035,0.017742
4.7337,-0.042546
4.7638,-0.10268
4.794,-0.16244
4.8241,-0.22161
4.8543,-0.27997
4.8844,-0.33732
4.9146,-0.39344
4.9447,-0.44813
4.9749,-0.50119
5.005,-0.55243
5.0352,-0.60166
5.0653,-0.6487
5.0955,-0.69339
5.1256,-0.73555
5.1558,-0.77504
5.1859,-0.81171
5.2161,-0.84544
5.2462,-0.87609
5.2764,-0.90355
5.3065,-0.92773
5.3367,-0.94854
5.3668,-0.9659
5.397,-0.97975
5.4271,-0.99003
5.4573,-0.99672
5.4874,-0.99979
5.5176,-0.99922
5.5477,-0.99501
5.5779,-0.98719
5.608,-0.97579
5.6382,-0.96083
5.6683,-0.94238
5.6985,-0.92051
5.7286,-0.89529
5.7588,-0.86682
5.7889,-0.83519
5.8191,-0.80053
5.8492,-0.76296
5.8794,-0.72261
5.9095,-0.67964
5.9397,-0.6342
5.9698,-0.58645
6,-0.53657
