0,1
0.030151,0.94148
0.060302,0.88639
0.090452,0.83452
0.1206,0.78568
0.15075,0.7397
0.1809,0.69642
0.21106,0.65566
0.24121,0.61729
0.27136,0.58117
0.30151,0.54716
0.33166,0.51514
0.36181,0.48499
0.39196,0.45661
0.42211,0.42989
0.45226,0.40474
0.48241,0.38105
0.51256,0.35875
0.54271,0.33776
0.57286,0.31799
0.60302,0.29938
0.63317,0.28186
0.66332,0.26537
0.69347,0.24984
0.72362,0.23522
0.75377,0.22145
0.78392,0.2085
0.81407,0.19629
0.84422,0.18481
0.87437,0.17399
0.90452,0.16381
0.93467,0.15422
0.96482,0.1452
0.99497,0.1367
1.0251,0.1287
1.0553,0.12117
1.0854,0.11408
1.1156,0.1074
1.1457,0.10112
1.1759,0.095202
1.206,0.08963
1.2362,0.084385
1.2663,0.079447
1.2965,0.074798
1.3266,0.070421
1.3568,0.0663
1.3869,0.06242
1.4171,0.058767
1.4472,0.055328
1.4774,0.05209
1.5075,0.049042
1.5377,0.046172
1.5678,0.04347
1.598,0.040926
1.6281,0.038531
1.6583,0.036277
1.6884,0.034154
1.7186,0.032155
1.7487,0.030273
1.7789,0.028502
1.809,0.026834
1.8392,0.025264
1.8693,0.023785
1.8995,0.022393
1.9296,0.021083
1.9598,0.019849
1.9899,0.018688
2.0201,0.017594
2.0503,0.016564
2.0804,0.015595
2.1106,0.014682
2.1407,0.013823
2.1709,0.013014
2.201,0.012253
2.2312,0.011536
2.2613,0.010861
2.2915,0.010225
2.3216,0.0096267
2.3518,0.0090633
2.3819,0.008533
2.4121,0.0080336
2.4422,0.0075635
2.4724,0.0071209
2.5025,0.0067042
2.5327,0.0063118
2.5628,0.0059425
2.593,0.0055947
2.6231,0.0052673
2.6533,0.0049591
2.6834,0.0046689
2.7136,0.0043957
2.7437,0.0041384
2.7739,0.0038963
2.804,0.0036683
2.8342,0.0034536
2.8643,0.0032515
2.8945,0.0030612
2.9246,0.0028821
2.9548,0.0027134
2.9849,0.0025546
3.0151,0.0024051
3.0452,0.0022644
3.0754,0.0021319
3.1055,0.0020071
3.1357,0.0018897
3.1658,0.0017791
3.196,0.001675
3.2261,0.001577
3.2563,0.0014847
3.2864,0.0013978
3.3166,0.001316
3.3467,0.001239
3.3769,0.0011665
3.407,0.0010982
3.4372,0.0010339
3.4673,0.00097344
3.4975,0.00091648
3.5276,0.00086284
3.5578,0.00081235
3.5879,0.00076481
3.6181,0.00072006
3.6482,0.00067792
3.6784,0.00063825
3.7085,0.0006009
3.7387,0.00056573
3.7688,0.00053263
3.799,0.00050146
3.8291,0.00047211
3.8593,0.00044449
3.8894,0.00041847
3.9196,0.00039399
3.9497,0.00037093
3.9799,0.00034922
4.0101,0.00032879
4.0402,0.00030955
4.0704,0.00029143
4.1005,0.00027438
4.1307,0.00025832
4.1608,0.0002432
4.191,0.00022897
4.2211,0.00021557
4.2513,0.00020296
4.2814,0.00019108
4.3116,0.0001799
4.3417,0.00016937
4.3719,0.00015946
4.402,0.00015013
4.4322,0.00014134
4.4623,0.00013307
4.4925,0.00012528
4.5226,0.00011795
4.5528,0.00011105
4.5829,0.00010455
4.6131,9.8433e-05
4.6432,9.2673e-05
4.6734,8.725e-05
4.7035,8.2144e-05
4.7337,7.7337e-05
4.7638,7.2811e-05
4.794,6.8551e-05
4.8241,6.4539e-05
4.8543,6.0762e-05
4.8844,5.7206e-05
4.9146,5.3859e-05
4.9447,5.0707e-05
4.9749,4.774e-05
5.005,4.4946e-05
5.0352,4.2316e-05
5.0653,3.9839e-05
5.0955,3.7508e-05
5.1256,3.5313e-05
5.1558,3.3247e-05
5.1859,3.1301e-05
5.2161,2.9469e-05
5.2462,2.7745e-05
5.2764,2.6121e-05
5.3065,2.4593e-05
5.3367,2.3153e-05
5.3668,2.1799e-05
5.397,2.0523e-05
5.4271,1.9322e-05
5.4573,1.8191e-05
5.4874,1.7127e-05
5.5176,1.6124e-05
5.5477,1.5181e-05
5.5779,1.4292e-05
5.608,1.3456e-05
5.6382,1.2669e-05
5.6683,1.1927e-05
5.6985,1.1229e-05
5.7286,1.0572e-05
5.7588,9.9535e-06
5.7889,9.371e-06
5.8191,8.8226e-06
5.8492,8.3063e-06
5.8794,7.8203e-06
5.9095,7.3626e-06
5.9397,6.9318e-06
5.9698,6.5261e-06
6,6.1442e-06
