0,0
0.030151,0.031069
0.060302,0.064011
0.090452,0.09888
0.1206,0.13573
0.15075,0.17462
0.1809,0.2156
0.21106,0.25872
0.24121,0.30403
0.27136,0.3516
0.30151,0.40146
0.33166,0.45367
0.36181,0.50827
0.39196,0.56531
0.42211,0.62484
0.45226,0.6869
0.48241,0.75154
0.51256,0.81878
0.54271,0.88866
0.57286,0.96122
0.60302,1.0365
0.63317,1.1145
0.66332,1.1953
0.69347,1.2788
0.72362,1.3652
0.75377,1.4543
0.78392,1.5463
0.81407,1.6411
0.84422,1.7387
0.87437,1.8391
0.90452,1.9423
0.93467,2.0483
0.96482,2.1571
0.99497,2.2685
1.0251,2.3827
1.0553,2.4994
1.0854,2.6188
1.1156,2.7406
1.1457,2.8649
1.1759,2.9915
1.206,3.1204
1.2362,3.2515
1.2663,3.3846
1.2965,3.5197
1.3266,3.6566
1.3568,3.7951
1.3869,3.9351
1.4171,4.0764
1.4472,4.2189
1.4774,4.3624
1.5075,4.5066
1.5377,4.6513
1.5678,4.7963
1.598,4.9413
1.6281,5.086
1.6583,5.2302
1.6884,5.3736
1.7186,5.5159
1.7487,5.6566
1.7789,5.7955
1.809,5.9322
1.8392,6.0662
1.8693,6.1972
1.8995,6.3248
1.9296,6.4484
1.9598,6.5676
1.9899,6.6819
2.0201,6.7908
2.0503,6.8938
2.0804,6.9902
2.1106,7.0795
2.1407,7.1611
2.1709,7.2344
2.201,7.2987
2.2312,7.3533
2.2613,7.3975
2.2915,7.4305
2.3216,7.4518
2.3518,7.4603
2.3819,7.4555
2.4121,7.4363
2.4422,7.4021
2.4724,7.3518
2.5025,7.2846
2.5327,7.1996
2.5628,7.0959
2.593,6.9723
2.6231,6.8281
2.6533,6.6621
2.6834,6.4733
2.7136,6.2606
2.7437,6.0229
2.7739,5.7592
2.804,5.4684
2.8342,5.1492
2.8643,4.8005
2.8945,4.4211
2.9246,4.0099
2.9548,3.5656
2.9849,3.087
3.0151,2.5729
3.0452,2.022
3.0754,1.4331
3.1055,0.80483
3.1357,0.13605
3.1658,-0.57455
3.196,-1.3282
3.2261,-2.1263
3.2563,-2.97
3.2864,-3.8605
3.3166,-4.7992
3.3467,-5.7872
3.3769,-6.8258
3.407,-7.9162
3.4372,-9.0595
3.4673,-10.257
3.4975,-11.509
3.5276,-12.818
3.5578,-14.185
3.5879,-15.609
3.6181,-17.093
3.6482,-18.637
3.6784,-20.242
3.7085,-21.909
3.7387,-23.639
3.7688,-25.431
3.799,-27.288
3.8291,-29.209
3.8593,-31.194
3.8894,-33.244
3.9196,-35.36
3.9497,-37.541
3.9799,-39.787
4.0101,-42.098
4.0402,-44.473
4.0704,-46.913
4.1005,-49.417
4.1307,-51.984
4.1608,-54.613
4.191,-57.303
4.2211,-60.053
4.2513,-62.862
4.2814,-65.727
4.3116,-68.647
4.3417,-71.62
4.3719,-74.643
4.402,-77.715
4.4322,-80.832
4.4623,-83.991
4.4925,-87.189
4.5226,-90.423
4.5528,-93.688
4.5829,-96.98
4.6131,-100.3
4.6432,-103.63
4.6734,-106.98
4.7035,-110.33
4.7337,-113.69
4.7638,-117.04
4.794,-120.38
4.8241,-123.7
4.8543,-127
4.8844,-130.26
4.9146,-133.49
4.9447,-136.66
4.9749,-139.77
5.005,-142.82
5.0352,-145.79
5.0653,-148.67
5.0955,-151.45
5.1256,-154.11
5.1558,-156.66
5.1859,-159.07
5.2161,-161.33
5.2462,-163.43
5.2764,-165.36
5.3065,-167.09
5.3367,-168.62
5.3668,-169.93
5.397,-171
5.4271,-171.82
5.4573,-172.37
5.4874,-172.62
5.5176,-172.57
5.5477,-172.2
5.5779,-171.47
5.608,-170.38
5.6382,-168.91
5.6683,-167.02
5.6985,-164.71
5.7286,-161.94
5.7588,-158.7
5.7889,-154.96
5.8191,-150.7
5.8492,-145.88
5.8794,-140.5
5.9095,-134.52
5.9397,-127.91
5.9698,-120.66
6,-112.72
