  0.0000,  1.0000,  0.0000
  0.1017,  0.9581, -0.8142
  0.2034,  0.8371, -1.5494
  0.3051,  0.6477, -2.1503
  0.4068,  0.4064, -2.5554
  0.5085,  0.1360, -2.7150
  0.6102, -0.1368, -2.6055
  0.7119, -0.3853, -2.2449
  0.8136, -0.5869, -1.6941
  0.9153, -0.7261, -1.0261
  1.0169, -0.7939, -0.3070
  1.1186, -0.7887,  0.4045
  1.2203, -0.7138,  1.0591
  1.3220, -0.5770,  1.6064
  1.4237, -0.3919,  1.9987
  1.5254, -0.1769,  2.1942
  1.6271,  0.0468,  2.1686
  1.7288,  0.2570,  1.9315
  1.8305,  0.4339,  1.5208
  1.9322,  0.5622,  0.9885
  2.0339,  0.6328,  0.3948
  2.1356,  0.6424, -0.2067
  2.2373,  0.5922, -0.7674
  2.3390,  0.4889, -1.2422
  2.4407,  0.3437, -1.5902
  2.5424,  0.1711, -1.7755
  2.6441, -0.0114, -1.7817
  2.7458, -0.1856, -1.6136
  2.8475, -0.3345, -1.2946
  2.9492, -0.4451, -0.8667
  3.0508, -0.5089, -0.3800
  3.1525, -0.5220,  0.1203
  3.2542, -0.4853,  0.5903
  3.3559, -0.4042,  0.9900
  3.4576, -0.2876,  1.2832
  3.5593, -0.1477,  1.4433
  3.6610,  0.0011,  1.4572
  3.7627,  0.1438,  1.3267
  3.8644,  0.2667,  1.0721
  3.9661,  0.3588,  0.7259
  4.0678,  0.4125,  0.3262
  4.1695,  0.4247, -0.0872
  4.2712,  0.3958, -0.4763
  4.3729,  0.3298, -0.8059
  4.4746,  0.2346, -1.0473
  4.5763,  0.1204, -1.1790
  4.6780, -0.0010, -1.1896
  4.7797, -0.1176, -1.0828
  4.8814, -0.2180, -0.8749
  4.9831, -0.2929, -0.5903
  5.0847, -0.3365, -0.2615
  5.1864, -0.3458,  0.0785
  5.2881, -0.3212,  0.3974
  5.3898, -0.2665,  0.6665
  5.4915, -0.1881,  0.8615
  5.5932, -0.0944,  0.9649
  5.6949,  0.0048,  0.9699
  5.7966,  0.0997,  0.8795
  5.8983,  0.1809,  0.7058
  6.0000,  0.2411,  0.4707
