0,0
0.030151,0.030146
0.060302,0.060265
0.090452,0.090329
0.1206,0.12031
0.15075,0.15018
0.1809,0.17992
0.21106,0.20949
0.24121,0.23887
0.27136,0.26804
0.30151,0.29696
0.33166,0.32561
0.36181,0.35397
0.39196,0.382
0.42211,0.40969
0.45226,0.437
0.48241,0.46392
0.51256,0.49041
0.54271,0.51646
0.57286,0.54204
0.60302,0.56713
0.63317,0.5917
0.66332,0.61573
0.69347,0.63921
0.72362,0.6621
0.75377,0.68439
0.78392,0.70606
0.81407,0.72709
0.84422,0.74745
0.87437,0.76714
0.90452,0.78613
0.93467,0.80441
0.96482,0.82195
0.99497,0.83875
1.0251,0.85478
1.0553,0.87004
1.0854,0.8845
1.1156,0.89817
1.1457,0.91101
1.1759,0.92303
1.206,0.93421
1.2362,0.94454
1.2663,0.95401
1.2965,0.96261
1.3266,0.97034
1.3568,0.97719
1.3869,0.98315
1.4171,0.98821
1.4472,0.99238
1.4774,0.99564
1.5075,0.998
1.5377,0.99945
1.5678,1
1.598,0.99963
1.6281,0.99836
1.6583,0.99617
1.6884,0.99309
1.7186,0.9891
1.7487,0.98421
1.7789,0.97843
1.809,0.97175
1.8392,0.9642
1.8693,0.95576
1.8995,0.94646
1.9296,0.9363
1.9598,0.92529
1.9899,0.91343
2.0201,0.90075
2.0503,0.88725
2.0804,0.87294
2.1106,0.85783
2.1407,0.84195
2.1709,0.8253
2.201,0.8079
2.2312,0.78977
2.2613,0.77092
2.2915,0.75137
2.3216,0.73114
2.3518,0.71024
2.3819,0.68869
2.4121,0.66652
2.4422,0.64374
2.4724,0.62038
2.5025,0.59646
2.5327,0.57199
2.5628,0.547
2.593,0.52152
2.6231,0.49556
2.6533,0.46915
2.6834,0.44231
2.7136,0.41507
2.7437,0.38746
2.7739,0.35949
2.804,0.3312
2.8342,0.3026
2.8643,0.27373
2.8945,0.24461
2.9246,0.21527
2.9548,0.18573
2.9849,0.15603
3.0151,0.12618
3.0452,0.096217
3.0754,0.066167
3.1055,0.036057
3.1357,0.0059142
3.1658,-0.024234
3.196,-0.05436
3.2261,-0.084437
3.2563,-0.11444
3.2864,-0.14433
3.3166,-0.1741
3.3467,-0.20371
3.3769,-0.23313
3.407,-0.26234
3.4372,-0.29131
3.4673,-0.32001
3.4975,-0.34843
3.5276,-0.37653
3.5578,-0.40428
3.5879,-0.43167
3.6181,-0.45867
3.6482,-0.48525
3.6784,-0.51139
3.7085,-0.53706
3.7387,-0.56225
3.7688,-0.58692
3.799,-0.61106
3.8291,-0.63465
3.8593,-0.65766
3.8894,-0.68007
3.9196,-0.70186
3.9497,-0.72301
3.9799,-0.74351
4.0101,-0.76333
4.0402,-0.78246
4.0704,-0.80088
4.1005,-0.81857
4.1307,-0.83551
4.1608,-0.8517
4.191,-0.86711
4.2211,-0.88173
4.2513,-0.89555
4.2814,-0.90856
4.3116,-0.92074
4.3417,-0.93208
4.3719,-0.94258
4.402,-0.95222
4.4322,-0.96099
4.4623,-0.96889
4.4925,-0.97591
4.5226,-0.98205
4.5528,-0.98729
4.5829,-0.99163
4.6131,-0.99507
4.6432,-0.99761
4.6734,-0.99924
4.7035,-0.99996
4.7337,-0.99977
4.7638,-0.99868
4.794,-0.99667
4.8241,-0.99376
4.8543,-0.98995
4.8844,-0.98524
4.9146,-0.97963
4.9447,-0.97313
4.9749,-0.96575
5.005,-0.95749
5.0352,-0.94836
5.0653,-0.93836
5.0955,-0.92751
5.1256,-0.91582
5.1558,-0.9033
5.1859,-0.88996
5.2161,-0.87581
5.2462,-0.86086
5.2764,-0.84513
5.3065,-0.82863
5.3367,-0.81138
5.3668,-0.79339
5.397,-0.77467
5.4271,-0.75526
5.4573,-0.73516
5.4874,-0.71439
5.5176,-0.69297
5.5477,-0.67092
5.5779,-0.64826
5.608,-0.62501
5.6382,-0.60119
5.6683,-0.57683
5.6985,-0.55194
5.7286,-0.52655
5.7588,-0.50069
5.7889,-0.47436
5.8191,-0.44761
5.8492,-0.42045
5.8794,-0.3929
5.9095,-0.365
5.9397,-0.33677
5.9698,-0.30823
6,-0.27942
