0,1
0.030151,0.9703
0.060302,0.94148
0.090452,0.91352
0.1206,0.88639
0.15075,0.86006
0.1809,0.83452
0.21106,0.80973
0.24121,0.78568
0.27136,0.76234
0.30151,0.7397
0.33166,0.71773
0.36181,0.69642
0.39196,0.67573
0.42211,0.65566
0.45226,0.63619
0.48241,0.61729
0.51256,0.59896
0.54271,0.58117
0.57286,0.56391
0.60302,0.54716
0.63317,0.53091
0.66332,0.51514
0.69347,0.49984
0.72362,0.48499
0.75377,0.47059
0.78392,0.45661
0.81407,0.44305
0.84422,0.42989
0.87437,0.41712
0.90452,0.40474
0.93467,0.39271
0.96482,0.38105
0.99497,0.36973
1.0251,0.35875
1.0553,0.3481
1.0854,0.33776
1.1156,0.32773
1.1457,0.31799
1.1759,0.30855
1.206,0.29938
1.2362,0.29049
1.2663,0.28186
1.2965,0.27349
1.3266,0.26537
1.3568,0.25749
1.3869,0.24984
1.4171,0.24242
1.4472,0.23522
1.4774,0.22823
1.5075,0.22145
1.5377,0.21488
1.5678,0.2085
1.598,0.2023
1.6281,0.19629
1.6583,0.19046
1.6884,0.18481
1.7186,0.17932
1.7487,0.17399
1.7789,0.16882
1.809,0.16381
1.8392,0.15895
1.8693,0.15422
1.8995,0.14964
1.9296,0.1452
1.9598,0.14089
1.9899,0.1367
2.0201,0.13264
2.0503,0.1287
2.0804,0.12488
2.1106,0.12117
2.1407,0.11757
2.1709,0.11408
2.201,0.11069
2.2312,0.1074
2.2613,0.10421
2.2915,0.10112
2.3216,0.098116
2.3518,0.095202
2.3819,0.092374
2.4121,0.08963
2.4422,0.086968
2.4724,0.084385
2.5025,0.081879
2.5327,0.079447
2.5628,0.077088
2.593,0.074798
2.6231,0.072576
2.6533,0.070421
2.6834,0.068329
2.7136,0.0663
2.7437,0.064331
2.7739,0.06242
2.804,0.060566
2.8342,0.058767
2.8643,0.057022
2.8945,0.055328
2.9246,0.053685
2.9548,0.05209
2.9849,0.050543
3.0151,0.049042
3.0452,0.047586
3.0754,0.046172
3.1055,0.044801
3.1357,0.04347
3.1658,0.042179
3.196,0.040926
3.2261,0.039711
3.2563,0.038531
3.2864,0.037387
3.3166,0.036277
3.3467,0.035199
3.3769,0.034154
3.407,0.033139
3.4372,0.032155
3.4673,0.0312
3.4975,0.030273
3.5276,0.029374
3.5578,0.028502
3.5879,0.027655
3.6181,0.026834
3.6482,0.026037
3.6784,0.025264
3.7085,0.024513
3.7387,0.023785
3.7688,0.023079
3.799,0.022393
3.8291,0.021728
3.8593,0.021083
3.8894,0.020457
3.9196,0.019849
3.9497,0.01926
3.9799,0.018688
4.0101,0.018132
4.0402,0.017594
4.0704,0.017071
4.1005,0.016564
4.1307,0.016072
4.1608,0.015595
4.191,0.015132
4.2211,0.014682
4.2513,0.014246
4.2814,0.013823
4.3116,0.013413
4.3417,0.013014
4.3719,0.012628
4.402,0.012253
4.4322,0.011889
4.4623,0.011536
4.4925,0.011193
4.5226,0.010861
4.5528,0.010538
4.5829,0.010225
4.6131,0.0099214
4.6432,0.0096267
4.6734,0.0093408
4.7035,0.0090633
4.7337,0.0087942
4.7638,0.008533
4.794,0.0082795
4.8241,0.0080336
4.8543,0.007795
4.8844,0.0075635
4.9146,0.0073389
4.9447,0.0071209
4.9749,0.0069094
5.005,0.0067042
5.0352,0.0065051
5.0653,0.0063118
5.0955,0.0061244
5.1256,0.0059425
5.1558,0.005766
5.1859,0.0055947
5.2161,0.0054286
5.2462,0.0052673
5.2764,0.0051109
5.3065,0.0049591
5.3367,0.0048118
5.3668,0.0046689
5.397,0.0045302
5.4271,0.0043957
5.4573,0.0042651
5.4874,0.0041384
5.5176,0.0040155
5.5477,0.0038963
5.5779,0.0037805
5.608,0.0036683
5.6382,0.0035593
5.6683,0.0034536
5.6985,0.003351
5.7286,0.0032515
5.7588,0.0031549
5.7889,0.0030612
5.8191,0.0029703
5.8492,0.0028821
5.8794,0.0027965
5.9095,0.0027134
5.9397,0.0026328
5.9698,0.0025546
6,0.0024788
