0,1
0.030151,1.0306
0.060302,1.0622
0.090452,1.0947
0.1206,1.1282
0.15075,1.1627
0.1809,1.1983
0.21106,1.235
0.24121,1.2728
0.27136,1.3117
0.30151,1.3519
0.33166,1.3933
0.36181,1.4359
0.39196,1.4799
0.42211,1.5252
0.45226,1.5719
0.48241,1.62
0.51256,1.6696
0.54271,1.7207
0.57286,1.7733
0.60302,1.8276
0.63317,1.8836
0.66332,1.9412
0.69347,2.0006
0.72362,2.0619
0.75377,2.125
0.78392,2.19
0.81407,2.2571
0.84422,2.3262
0.87437,2.3974
0.90452,2.4708
0.93467,2.5464
0.96482,2.6243
0.99497,2.7047
1.0251,2.7874
1.0553,2.8728
1.0854,2.9607
1.1156,3.0513
1.1457,3.1447
1.1759,3.241
1.206,3.3402
1.2362,3.4424
1.2663,3.5478
1.2965,3.6564
1.3266,3.7683
1.3568,3.8837
1.3869,4.0026
1.4171,4.1251
1.4472,4.2513
1.4774,4.3815
1.5075,4.5156
1.5377,4.6538
1.5678,4.7963
1.598,4.9431
1.6281,5.0944
1.6583,5.2503
1.6884,5.411
1.7186,5.5767
1.7487,5.7474
1.7789,5.9233
1.809,6.1046
1.8392,6.2915
1.8693,6.4841
1.8995,6.6825
1.9296,6.8871
1.9598,7.0979
1.9899,7.3152
2.0201,7.5391
2.0503,7.7699
2.0804,8.0077
2.1106,8.2528
2.1407,8.5054
2.1709,8.7658
2.201,9.0341
2.2312,9.3106
2.2613,9.5956
2.2915,9.8893
2.3216,10.192
2.3518,10.504
2.3819,10.826
2.4121,11.157
2.4422,11.498
2.4724,11.85
2.5025,12.213
2.5327,12.587
2.5628,12.972
2.593,13.369
2.6231,13.779
2.6533,14.2
2.6834,14.635
2.7136,15.083
2.7437,15.545
2.7739,16.021
2.804,16.511
2.8342,17.016
2.8643,17.537
2.8945,18.074
2.9246,18.627
2.9548,19.197
2.9849,19.785
3.0151,20.391
3.0452,21.015
3.0754,21.658
3.1055,22.321
3.1357,23.004
3.1658,23.708
3.196,24.434
3.2261,25.182
3.2563,25.953
3.2864,26.747
3.3166,27.566
3.3467,28.41
3.3769,29.279
3.407,30.176
3.4372,31.099
3.4673,32.051
3.4975,33.032
3.5276,34.043
3.5578,35.086
3.5879,36.159
3.6181,37.266
3.6482,38.407
3.6784,39.583
3.7085,40.794
3.7387,42.043
3.7688,43.33
3.799,44.656
3.8291,46.023
3.8593,47.432
3.8894,48.884
3.9196,50.38
3.9497,51.922
3.9799,53.512
4.0101,55.15
4.0402,56.838
4.0704,58.578
4.1005,60.371
4.1307,62.219
4.1608,64.123
4.191,66.086
4.2211,68.109
4.2513,70.194
4.2814,72.342
4.3116,74.557
4.3417,76.839
4.3719,79.191
4.402,81.615
4.4322,84.113
4.4623,86.688
4.4925,89.341
4.5226,92.076
4.5528,94.894
4.5829,97.799
4.6131,100.79
4.6432,103.88
4.6734,107.06
4.7035,110.33
4.7337,113.71
4.7638,117.19
4.794,120.78
4.8241,124.48
4.8543,128.29
4.8844,132.21
4.9146,136.26
4.9447,140.43
4.9749,144.73
5.005,149.16
5.0352,153.73
5.0653,158.43
5.0955,163.28
5.1256,168.28
5.1558,173.43
5.1859,178.74
5.2161,184.21
5.2462,189.85
5.2764,195.66
5.3065,201.65
5.3367,207.82
5.3668,214.18
5.397,220.74
5.4271,227.5
5.4573,234.46
5.4874,241.64
5.5176,249.03
5.5477,256.66
5.5779,264.51
5.608,272.61
5.6382,280.95
5.6683,289.55
5.6985,298.42
5.7286,307.55
5.7588,316.97
5.7889,326.67
5.8191,336.67
5.8492,346.97
5.8794,357.59
5.9095,368.54
5.9397,379.82
5.9698,391.45
6,403.43
