0,1
0.030151,1
0.060302,1
0.090452,1
0.1206,1
0.15075,1
0.1809,1
0.21106,1
0.24121,1
0.27136,1
0.30151,1
0.33166,1
0.36181,1
0.39196,1
0.42211,1
0.45226,1
0.48241,1
0.51256,1
0.54271,1
0.57286,1
0.60302,1
0.63317,1
0.66332,1
0.69347,1
0.72362,1
0.75377,1
0.78392,1
0.81407,1
0.84422,1
0.87437,1
0.90452,1
0.93467,1
0.96482,1
0.99497,1
1.0251,1
1.0553,1
1.0854,1
1.1156,1
1.1457,1
1.1759,1
1.206,1
1.2362,1
1.2663,1
1.2965,1
1.3266,1
1.3568,1
1.3869,1
1.4171,1
1.4472,1
1.4774,1
1.5075,1
1.5377,1
1.5678,1
1.598,1
1.6281,1
1.6583,1
1.6884,1
1.7186,1
1.7487,1
1.7789,1
1.809,1
1.8392,1
1.8693,1
1.8995,1
1.9296,1
1.9598,1
1.9899,1
2.0201,1
2.0503,1
2.0804,1
2.1106,1
2.1407,1
2.1709,1
2.201,1
2.2312,1
2.2613,1
2.2915,1
2.3216,1
2.3518,1
2.3819,1
2.4121,1
2.4422,1
2.4724,1
2.5025,1
2.5327,1
2.5628,1
2.593,1
2.6231,1
2.6533,1
2.6834,1
2.7136,1
2.7437,1
2.7739,1
2.804,1
2.8342,1
2.8643,1
2.8945,1
2.9246,1
2.9548,1
2.9849,1
3.0151,1
3.0452,1
3.0754,1
3.1055,1
3.1357,1
3.1658,1
3.196,1
3.2261,1
3.2563,1
3.2864,1
3.3166,1
3.3467,1
3.3769,1
3.407,1
3.4372,1
3.4673,1
3.4975,1
3.5276,1
3.5578,1
3.5879,1
3.6181,1
3.6482,1
3.6784,1
3.7085,1
3.7387,1
3.7688,1
3.799,1
3.8291,1
3.8593,1
3.8894,1
3.9196,1
3.9497,1
3.9799,1
4.0101,1
4.0402,1
4.0704,1
4.1005,1
4.1307,1
4.1608,1
4.191,1
4.2211,1
4.2513,1
4.2814,1
4.3116,1
4.3417,1
4.3719,1
4.402,1
4.4322,1
4.4623,1
4.4925,1
4.5226,1
4.5528,1
4.5829,1
4.6131,1
4.6432,1
4.6734,1
4.7035,1
4.7337,1
4.7638,1
4.794,1
4.8241,1
4.8543,1
4.8844,1
4.9146,1
4.9447,1
4.9749,1
5.005,1
5.0352,1
5.0653,1
5.0955,1
5.1256,1
5.1558,1
5.1859,1
5.2161,1
5.2462,1
5.2764,1
5.3065,1
5.3367,1
5.3668,1
5.397,1
5.4271,1
5.4573,1
5.4874,1
5.5176,1
5.5477,1
5.5779,1
5.608,1
5.6382,1
5.6683,1
5.6985,1
5.7286,1
5.7588,1
5.7889,1
5.8191,1
5.8492,1
5.8794,1
5.9095,1
5.9397,1
5.9698,1
6,1
