-0.5,0,0
0,4,0
0.10169,3.9823,0.13301
0.20339,3.9284,0.26759
0.30508,3.8402,0.39975
0.40678,3.7208,0.52837
0.50847,3.5743,0.65246
0.61017,3.4053,0.77117
0.71186,3.2245,0.8806
0.81356,3.0261,0.98689
0.91525,2.82,1.0863
1.0169,2.6109,1.1786
1.1186,2.4027,1.2638
1.2203,2.1989,1.342
1.322,2.0022,1.4134
1.4237,1.8146,1.4783
1.5254,1.6378,1.537
1.6271,1.4725,1.5898
1.7288,1.3238,1.6359
1.8305,1.1827,1.6785
1.9322,1.0537,1.7165
2.0339,0.93655,1.7503
2.1356,0.8306,1.7803
2.2373,0.73522,1.8069
2.339,0.64968,1.8304
2.4407,0.57323,1.8512
2.5424,0.50511,1.8695
2.6441,0.44457,1.8856
2.7458,0.39236,1.8994
2.8475,0.34467,1.9119
2.9492,0.30254,1.9229
3.0508,0.26537,1.9325
3.1525,0.23262,1.941
3.2542,0.2038,1.9484
3.3559,0.17847,1.9549
3.4576,0.15623,1.9606
3.5593,0.13671,1.9655
3.661,0.11958,1.9699
3.7627,0.10499,1.9736
3.8644,0.091796,1.9769
3.9661,0.080241,1.9798
4.0678,0.070127,1.9824
4.1695,0.061279,1.9846
4.2712,0.053539,1.9866
4.3729,0.046771,1.9883
4.4746,0.040854,1.9898
4.5763,0.035683,1.9911
4.678,0.031163,1.9922
4.7797,0.027323,1.9932
4.8814,0.023859,1.994
4.9831,0.020833,1.9948
5.0847,0.01819,1.9954
5.1864,0.015881,1.996
5.2881,0.013865,1.9965
5.3898,0.012105,1.997
5.4915,0.010568,1.9974
5.5932,0.0092256,1.9977
5.6949,0.0080537,1.998
5.7966,0.0070587,1.9982
5.8983,0.0061618,1.9985
6,0.0053638,1.9987
