-0.5,0,0
0,4,0
0.03,3.9986,0.037201
0.06,3.994,0.077167
0.09,3.9863,0.11707
0.12,3.9754,0.15688
0.15,3.9614,0.19657
0.18,3.9443,0.2361
0.21,3.9241,0.27544
0.24,3.901,0.31457
0.27,3.8751,0.35346
0.3,3.8463,0.39206
0.33,3.8148,0.43037
0.36,3.7806,0.46835
0.39,3.744,0.50598
0.42,3.7049,0.54322
0.45,3.6635,0.58007
0.48,3.6199,0.61649
0.51,3.5743,0.65246
0.54,3.5267,0.68797
0.57,3.4773,0.72299
0.6,3.4262,0.75751
0.63,3.3735,0.79151
0.66,3.3194,0.82497
0.69,3.264,0.85789
0.72,3.2075,0.89025
0.75,3.1499,0.92204
0.78,3.0913,0.95324
0.81,3.032,0.98386
0.84,2.972,1.0139
0.87,2.9115,1.0433
0.9,2.8506,1.0721
0.93,2.7893,1.1003
0.96,2.7279,1.1279
0.99,2.6663,1.1549
1.02,2.6047,1.1812
1.05,2.5432,1.207
1.08,2.482,1.2321
1.11,2.421,1.2566
1.14,2.3603,1.2805
1.17,2.3001,1.3038
1.2,2.2404,1.3265
1.23,2.1812,1.3486
1.26,2.1227,1.3701
1.29,2.0649,1.3911
1.32,2.0078,1.4114
1.35,1.9516,1.4312
1.38,1.8961,1.4505
1.41,1.8416,1.4692
1.44,1.7879,1.4873
1.47,1.7352,1.5049
1.5,1.6835,1.522
1.53,1.6327,1.5386
1.56,1.583,1.5547
1.59,1.5343,1.5703
1.62,1.4866,1.5854
1.65,1.44,1.6
1.68,1.3945,1.6142
1.71,1.35,1.6279
1.74,1.3066,1.6412
1.77,1.2642,1.654
1.8,1.2229,1.6665
1.83,1.1827,1.6785
1.86,1.1435,1.6901
1.89,1.1054,1.7014
1.92,1.0683,1.7122
1.95,1.0322,1.7227
1.98,0.99715,1.7329
2.01,0.96309,1.7427
2.04,0.93002,1.7521
2.07,0.89791,1.7613
2.1,0.86675,1.7701
2.13,0.83653,1.7786
2.16,0.80723,1.7868
2.19,0.77883,1.7948
2.22,0.75131,1.8024
2.25,0.72466,1.8098
2.28,0.69885,1.8169
2.31,0.67386,1.8238
2.34,0.64968,1.8304
2.37,0.62629,1.8368
2.4,0.60366,1.8429
2.43,0.58178,1.8488
2.46,0.56063,1.8546
2.49,0.54019,1.8601
2.52,0.52043,1.8654
2.55,0.50135,1.8705
2.58,0.48292,1.8754
2.61,0.46512,1.8801
2.64,0.44793,1.8847
2.67,0.43134,1.8891
2.7,0.41533,1.8933
2.73,0.39988,1.8974
2.76,0.38498,1.9013
2.79,0.3706,1.9051
2.82,0.35673,1.9087
2.85,0.34336,1.9122
2.88,0.33046,1.9156
2.91,0.31803,1.9188
2.94,0.30605,1.922
2.97,0.2945,1.925
3,0.28337,1.9279
3.03,0.27264,1.9306
3.06,0.26231,1.9333
3.09,0.25235,1.9359
3.12,0.24276,1.9384
3.15,0.23352,1.9407
3.18,0.22463,1.943
3.21,0.21606,1.9452
3.24,0.20781,1.9474
3.27,0.19987,1.9494
3.3,0.19222,1.9514
3.33,0.18486,1.9532
3.36,0.17778,1.9551
3.39,0.17096,1.9568
3.42,0.16439,1.9585
3.45,0.15808,1.9601
3.48,0.152,1.9616
3.51,0.14615,1.9631
3.54,0.14052,1.9646
3.57,0.1351,1.9659
3.6,0.12989,1.9673
3.63,0.12488,1.9685
3.66,0.12006,1.9698
3.69,0.11542,1.9709
3.72,0.11095,1.9721
3.75,0.10666,1.9732
3.78,0.10253,1.9742
3.81,0.098564,1.9752
3.84,0.094745,1.9762
3.87,0.091072,1.9771
3.9,0.087541,1.978
3.93,0.084145,1.9789
3.96,0.080879,1.9797
3.99,0.077738,1.9805
4.02,0.074719,1.9812
4.05,0.071815,1.982
4.08,0.069024,1.9827
4.11,0.06634,1.9833
4.14,0.06376,1.984
4.17,0.061279,1.9846
4.2,0.058894,1.9852
4.23,0.056601,1.9858
4.26,0.054397,1.9864
4.29,0.052278,1.9869
4.32,0.050241,1.9874
4.35,0.048283,1.9879
4.38,0.046401,1.9884
4.41,0.044591,1.9888
4.44,0.042852,1.9893
4.47,0.041181,1.9897
4.5,0.039574,1.9901
4.53,0.03803,1.9905
4.56,0.036545,1.9908
4.59,0.035119,1.9912
4.62,0.033748,1.9915
4.65,0.03243,1.9919
4.68,0.031163,1.9922
4.71,0.029946,1.9925
4.74,0.028776,1.9928
4.77,0.027651,1.9931
4.8,0.026571,1.9933
4.83,0.025532,1.9936
4.86,0.024534,1.9939
4.89,0.023575,1.9941
4.92,0.022653,1.9943
4.95,0.021767,1.9946
4.98,0.020916,1.9948
5.01,0.020098,1.995
5.04,0.019312,1.9952
5.07,0.018556,1.9954
5.1,0.01783,1.9955
5.13,0.017133,1.9957
5.16,0.016462,1.9959
5.19,0.015818,1.996
5.22,0.015199,1.9962
5.25,0.014604,1.9963
5.28,0.014033,1.9965
5.31,0.013483,1.9966
5.34,0.012955,1.9968
5.37,0.012448,1.9969
5.4,0.011961,1.997
5.43,0.011493,1.9971
5.46,0.011043,1.9972
5.49,0.01061,1.9973
5.52,0.010195,1.9974
5.55,0.0097954,1.9975
5.58,0.0094118,1.9976
5.61,0.0090431,1.9977
5.64,0.0086889,1.9978
5.67,0.0083486,1.9979
5.7,0.0080216,1.998
5.73,0.0077073,1.9981
5.76,0.0074054,1.9981
5.79,0.0071153,1.9982
5.82,0.0068365,1.9983
5.85,0.0065687,1.9984
5.88,0.0063113,1.9984
5.91,0.0060641,1.9985
5.94,0.0058265,1.9985
5.97,0.0055982,1.9986
6,0.0053638,1.9987
