-0.5,0,0
0,4,0
0.2069,3.9263,0.27152
0.41379,3.7129,0.53581
0.62069,3.3895,0.78136
0.82759,2.9961,1.0019
1.0345,2.574,1.1942
1.2414,2.1577,1.3573
1.4483,1.772,1.4926
1.6552,1.4308,1.6029
1.8621,1.1397,1.6913
2.069,0.89791,1.7613
2.2759,0.70139,1.8162
2.4828,0.54422,1.859
2.6897,0.42007,1.8921
2.8966,0.32295,1.9176
3.1034,0.24751,1.9371
3.3103,0.18925,1.9521
3.5172,0.14444,1.9636
3.7241,0.11008,1.9723
3.931,0.083812,1.9789
4.1379,0.06376,1.984
4.3448,0.048668,1.9878
4.5517,0.036985,1.9907
4.7586,0.028096,1.993
4.9655,0.021337,1.9947
5.1724,0.016202,1.9959
5.3793,0.0123,1.9969
5.5862,0.0093369,1.9977
5.7931,0.0070869,1.9982
6,0.0053638,1.9987
